1075
1078
1076
1077
1110
1109
1079
1080
1108
1081
1082
1083
1086
1084
1085
1107
1097
1096
1089
1093
1091
1090
1092
1094
1095
1099
1098
1101
1100
1104
1103
1102
1106
1105
1088
1087
1072
1006
1069
1008
1007
1027
1026
1025
1009
1011
1010
1013
1012
1014
1015
1016
1018
1017
1020
1019
1021
1022
1023
1024
1068
1029
1028
1067
1066
1065
1049
1051
1050
1053
1052
1054
1055
1056
1057
1059
1058
1061
1060
1062
1063
1064
1048
1047
1046
1030
1032
1031
1034
1033
1035
1036
1037
1039
1038
1041
1040
1042
1043
1044
1045
